1 300 4800 3100 0 200
2 200 100 300 100 300
3 5700 600 300 0 100
4 0 100 500 100 100
5 0 100 500 300 100
6 100 100 400 300 200
7 200 100 700 100 200
8 100 100 700 200 300
9 100 400 600 400 300
10 100 100 900 500 300
11 100 200 700 400 200
12 100 100 1000 400 300
13 100 100 1100 500 300
14 100 100 7000 400 500
15 100 0 1200 400 400
16 100 100 1300 700 300
17 100 200 1200 900 400
18 100 100 3300 400 300
19 100 100 1400 9000 300
20 200 100 1900 700 600
21 100 100 1700 600 500
22 100 100 2100 700 600
23 100 100 2300 900 500
24 100 100 2100 800 700
25 100 100 2500 700 5400
26 100 100 2400 1000 700
27 200 200 14300 1100 900
28 100 100 2800 900 700
29 100 100 2500 800 700
30 100 100 2800 10300 800
31 100 100 3000 1200 800
32 200 200 3300 1300 800
33 200 200 9700 1000 800
34 100 200 3000 1300 700
35 100 200 3100 1400 1500
36 100 200 3200 1600 600
37 100 100 3700 1500 800
38 200 100 4400 17600 1000
39 200 200 3700 1900 800
40 100 200 4500 1700 1100
41 200 200 4600 1700 1300
42 100 200 4600 2400 900
43 100 100 4700 2000 900
44 200 200 9600 2000 900
45 100 100 5000 1800 1100
46 100 200 5500 2400 1100
47 100 200 5000 1400 1200
48 200 200 7200 2100 1400
49 200 100 5700 2100 1100
50 200 200 16600 1900 1400
51 100 200 5900 2100 1200
52 100 200 5700 2300 1100
53 100 200 6100 2500 1200
54 200 200 7400 1900 1800
55 100 200 6900 2400 19400
56 200 400 6800 2400 1300
57 200 200 40000 2300 1300
58 200 200 6000 3200 700
59 200 200 8000 2700 1500
60 200 200 7100 3600 1100
61 200 200 8900 3000 1900
62 100 200 8000 2200 1900
63 200 200 34200 2400 1800
64 200 200 8400 3200 1200
65 200 200 9600 2900 2200
66 200 300 10000 3800 1700
67 200 200 9100 3100 2100
68 300 300 10600 3200 2500
69 300 200 10700 4000 1800
70 200 300 10800 3100 2400
71 200 200 10000 3300 1700
72 300 300 10700 3600 2000
73 200 200 11000 3800 2300
74 200 300 10500 3900 1900
75 200 200 10900 4000 1600
76 200 200 12100 3400 2200
77 400 200 11200 4700 2300
78 200 200 9700 4400 1200
79 200 700 11600 3600 2500
80 200 400 21000 4500 2300
81 300 600 12400 4100 3000
82 200 300 11700 3100 2600
83 200 300 17100 4600 2100
84 200 400 14200 14500 2400
85 800 500 15600 3700 2600
86 200 300 43500 5800 2100
87 300 500 21000 5000 2100
88 300 500 13300 5000 1800
89 200 200 13900 5200 1900
90 200 200 14700 5200 2500
91 300 200 14000 5200 2500
92 300 300 13600 4900 2100
93 200 200 15500 4200 2500
94 200 300 17800 5500 3600
95 400 300 17600 4700 3400
96 300 300 63900 6100 2100
97 300 300 16900 6900 2300
98 300 300 16300 5000 3100
99 200 300 17500 5700 2600
100 300 300 20300 6800 2400
101 200 300 20400 5300 3100
102 200 200 17900 6200 2600
103 400 300 20000 7200 2900
104 700 300 20400 5200 3400
105 200 400 20800 5100 4100
106 300 500 20000 6000 3200
107 300 400 19700 6400 3100
108 300 300 21700 6100 3300
109 500 300 20700 8200 3700
110 500 300 20100 7300 3700
111 300 300 78200 213700 3600
112 300 700 21800 7000 4100
113 300 300 24100 7100 3700
114 400 300 21300 7900 3400
115 300 400 23500 8400 3700
116 300 300 25700 6500 5200
117 300 300 22400 9100 2800
118 300 300 24400 6200 3900
119 300 400 22600 7900 3700
120 300 300 25600 8000 4300
121 300 400 22400 6200 6300
122 500 400 26400 9000 3300
123 300 300 24100 8300 3400
124 300 300 26700 8000 3600
125 300 400 28500 7800 4900
126 400 800 25700 6700 4400
127 400 300 27900 8100 4900
128 300 300 25600 8200 3900
129 300 300 29600 9300 3900
130 400 400 26900 10000 4300
131 400 400 27200 7300 3900
132 300 400 31200 8300 3900
133 400 400 29100 8200 4400
134 300 400 31500 9500 3800
135 400 300 29100 9600 4800
136 400 400 33700 8300 5800
137 400 600 39300 7400 5200
138 400 600 31200 9000 4500
139 400 400 31700 9600 4500
140 400 400 34200 8600 5400
141 400 400 32200 9100 4200
142 300 300 90600 8000 5600
143 400 400 34400 8600 5600
144 400 900 33500 10300 5700
145 400 400 34500 12900 3800
146 400 400 36600 9700 5600
147 400 400 41500 10600 5700
148 400 900 37400 14400 4500
149 500 400 39500 11000 5000
150 300 400 36400 11100 5300
151 400 400 37700 10600 6400
152 400 300 39300 11900 5400
153 300 600 59300 9200 7200
154 400 600 35600 13700 4700
155 400 700 40700 10700 8300
156 400 700 41400 13200 5600
157 300 400 38100 13200 4700
158 500 700 40500 10100 5300
159 400 400 42600 10000 6400
160 300 400 40000 11900 5400
161 400 400 43600 12900 6300
162 500 400 41900 14200 6400
163 500 400 51900 15600 6100
164 400 400 43600 13600 5300
165 400 400 590900 12800 7900
166 400 800 47800 15200 4600
167 400 800 44200 11300 59700
168 500 600 44200 12800 7900
169 400 500 48900 13400 6500
170 500 400 46000 11900 7800
171 600 400 45300 11700 6500
172 500 400 91500 10800 6500
173 500 500 48600 273600 6000
174 500 700 58100 14500 6500
175 500 800 124500 11800 7500
176 500 800 51600 16200 6300
177 500 600 47300 17200 6200
178 500 500 51600 14700 7900
179 500 500 51200 16600 6700
180 400 500 50600 16500 4900
181 400 500 98300 17700 6400
182 700 400 53200 14000 6000
183 500 400 54300 16500 6100
184 400 20800 53300 14100 7800
185 400 500 111000 15400 6500
186 400 500 159000 14400 6100
187 500 800 54700 16600 8000
188 500 500 55200 15800 7100
189 500 500 61000 73500 7600
190 600 600 50400 15600 6700
191 500 500 57400 15100 6500
192 600 400 62200 17300 9000
193 500 500 56300 17500 7400
194 500 500 55700 16800 6500
195 600 500 62100 16400 8300
196 500 600 66100 31200 10300
197 7900 1000 58200 17500 7400
198 600 800 62600 15200 9800
199 500 500 61000 19400 9100
200 400 700 59400 16400 8300
201 500 500 65400 20500 48900
202 700 700 63200 17600 7700
203 500 800 66000 18500 8100
204 500 600 69400 19100 9100
205 500 600 69500 66600 7900
206 500 900 67900 17000 9600
207 500 800 58600 27200 8800
208 500 800 71800 18000 9500
209 600 500 128100 18000 7500
210 500 900 152600 19500 7300
211 500 800 76400 18900 8700
212 600 500 69700 20600 7800
213 500 500 69200 18900 8700
214 500 500 73400 27600 7300
215 500 900 72400 23200 8400
216 500 600 75200 18000 50800
217 500 700 64900 18200 8100
218 2400 1000 88600 22000 9500
219 600 900 82000 17900 10600
220 600 800 121100 20300 9700
221 500 700 74600 20000 9900
222 500 600 72000 20300 8300
223 600 600 76900 21600 8700
224 500 600 80400 21600 11400
225 400 800 77800 17800 8200
226 700 600 78300 15600 10600
227 600 700 123900 23300 9300
228 500 600 79400 18600 10400
229 500 600 81400 17100 12200
230 600 800 87200 23000 61800
231 500 600 76900 18200 8700
232 600 1500 90500 21400 10200
233 1000 800 80700 19200 20100
234 600 1800 88600 26100 10300
235 600 37300 86800 24700 10500
236 600 1300 89300 25500 9700
237 600 600 141200 22000 11000
238 600 700 84900 21000 10600
239 600 600 88600 18800 11100
240 600 1200 105900 28800 126100
241 600 800 98400 24000 9800
242 600 1000 96300 23900 10900
243 600 900 174700 103800 9500
244 600 800 90000 21200 13500
245 600 600 218600 26700 8500
246 800 800 89400 23100 12400
247 600 900 93700 26800 9700
248 700 1000 192800 88800 16200
249 600 700 89700 25100 10000
250 600 800 150000 22100 12600
251 600 600 89600 25100 9600
252 500 600 95400 57600 11800
253 600 900 1600600 26100 10200
254 600 1300 250400 29800 10700
255 600 1000 96900 23500 12600
256 700 600 153500 25900 10100
257 900 1100 112200 35700 10300
258 1300 1000 113800 27400 20600
259 600 800 141100 29100 10000
260 600 800 110300 227900 10300
261 700 1000 143700 29300 23200
262 1000 900 1833700 27500 11500
263 600 1100 100700 23500 12800
264 700 900 118100 23100 21500
265 600 700 667700 23900 11100
266 700 900 107600 24300 13000
267 700 900 1814100 25100 13300
268 600 1000 614400 29500 15700
269 600 1000 120400 26100 10500
270 500 1200 116900 25300 13400
271 600 600 209600 29500 10000
272 700 700 269300 30900 11500
273 1100 1000 111000 24100 15900
274 600 700 115300 24900 14100
275 600 700 104100 28800 14400
276 700 700 108200 31600 12600
277 600 800 121900 29800 14100
278 700 700 738800 32200 11400
279 700 1000 112600 30100 13600
280 700 700 113800 31100 13000
281 700 600 118300 32900 17700
282 700 700 129000 571700 13600
283 600 1100 122400 31300 15600
284 600 700 122400 33800 12800
285 800 600 320800 28800 13900
286 900 1500 1109500 34700 17500
287 600 1000 119800 220900 60000
288 600 1100 123600 324500 14000
289 700 1000 728500 41300 24600
290 700 1000 120400 32100 16500
291 700 900 123700 100500 12900
292 700 1100 123300 32900 16000
293 700 700 206600 33400 14200
294 700 1300 132100 34500 15000
295 700 700 128400 31500 12400
296 700 1000 179700 29800 15000
297 700 1000 190500 33300 13900
298 900 1000 132500 34400 65700
299 800 800 130800 36100 11800
300 700 700 138900 32100 47200
301 700 1200 244200 33500 15300
302 700 900 164900 29200 16100
303 600 700 132100 37200 14300
304 700 700 141400 32900 16200
305 700 800 634200 35000 17400
306 700 1300 207000 32200 61900
307 800 1000 135400 39600 30800
308 1500 1000 214300 727700 24500
309 700 1200 160500 34100 16000
310 800 1000 131500 32900 14900
311 600 1000 683500 151500 17000
312 900 1000 140100 34100 16000
313 700 800 144500 35100 15700
314 800 1100 146800 33800 17500
315 700 1000 271100 141700 16500
316 800 1000 150000 105100 18000
317 900 800 140100 41200 14000
318 900 900 143500 36600 16000
319 800 1200 400200 37100 14400
320 800 1900 157500 39700 16300
321 800 1200 1370500 33900 17000
322 800 1200 193400 44800 15500
323 800 1400 148700 42600 16300
324 700 1600 306000 40400 14600
325 700 1000 142900 38300 15200
326 700 800 198700 37100 16000
327 800 800 194000 36900 18700
328 800 1200 294300 114500 15800
329 800 1200 144400 32100 19600
330 800 800 151300 38100 17500
331 700 4800 154000 39900 17700
332 700 900 188500 149600 23100
333 700 1100 248000 37300 15200
334 700 800 148200 39200 13300
335 800 800 163900 41800 19300
336 700 1300 438200 46600 24100
337 800 1000 163200 37000 18700
338 800 800 188400 34200 19500
339 700 700 743000 45800 17000
340 700 1000 276700 37000 22600
341 800 800 177400 40100 17100
342 800 1200 259800 130200 49700
343 1000 1300 171200 39100 19000
344 800 900 174400 40300 21300
345 800 1200 169100 67200 21200
346 800 1100 184200 44300 54300
347 900 1000 266200 44700 24200
348 900 1200 172800 35900 20200
349 800 1100 359000 96900 13800
350 800 1300 173900 45400 17900
351 800 800 171800 39900 19000
352 800 900 179100 45600 19300
353 800 1000 194000 56000 18600
354 800 900 176800 45800 34400
355 700 800 176300 46000 19300
356 700 800 251900 42100 32000
357 900 1200 179200 49300 19100
358 800 1000 291200 71300 36700
359 800 1300 296900 33600 22400
360 800 1200 229400 97700 45400
361 900 1400 256200 59000 22100
362 900 1100 222500 57000 21000
363 900 1200 208200 48000 32500
364 800 1100 239800 51100 16100
365 900 900 190700 42500 20500
366 800 800 180300 44700 20000
367 800 800 220800 45000 19800
368 800 1200 207300 53800 29400
369 900 1200 194300 48900 20600
370 800 900 191800 39800 22700
371 800 900 229700 47000 20300
372 900 1200 677700 45600 90400
373 900 1200 254900 49500 20600
374 800 900 198100 44200 24400
375 900 1000 309200 51800 16800
376 900 1200 211500 53900 17700
377 800 900 182500 84900 15900
378 900 900 184000 47900 20600
379 900 900 192100 87100 18200
380 900 1000 267900 53700 19400
381 800 1200 203500 49200 73300
382 800 900 246600 46700 22400
383 900 900 200700 46600 68900
384 800 900 192700 46200 19700
385 900 900 205900 44300 26400
386 800 1000 204200 51400 23200
387 1000 1000 209900 43500 25900
388 900 900 196700 50000 19700
389 900 900 214800 51800 20000
390 1000 900 193600 49000 19400
391 1000 1200 251400 73700 26300
392 900 900 206300 50800 22400
393 900 900 212500 48700 23300
394 900 1000 211400 56500 19300
395 900 1000 239300 66900 64600
396 800 1000 216200 45900 24300
397 800 900 282600 56600 22600
398 900 1300 217000 50900 23000
399 900 1000 226800 56100 58100
400 900 900 205200 54500 18900
401 900 900 201200 44900 57800
402 900 900 210700 53900 26000
403 900 900 218000 46800 59200
404 900 1000 255200 56100 35000
405 900 1000 222000 97900 27100
406 900 1200 228700 55700 22400
407 900 900 248100 91100 21400
408 900 1200 219900 54100 18300
409 900 900 263300 52500 23000
410 900 900 222200 56300 21700
411 900 1000 260600 52200 24100
412 900 1000 241000 69200 24100
413 900 1000 264900 57400 21800
414 900 1000 235500 52200 27200
415 900 1300 221500 55300 22400
416 1200 1000 227900 57900 23000
417 900 1000 230400 56100 21300
418 900 1000 237800 56500 26600
419 900 1400 234900 57900 23400
420 1000 1100 239900 82700 25000
421 900 1200 248600 59900 25800
422 900 1000 238000 94200 29600
423 900 1100 255200 55000 114100
424 1000 1300 323200 53900 24200
425 1000 1300 261200 62800 27200
426 900 1400 285100 51900 27300
427 1000 1100 246600 61500 25800
428 1000 1400 246500 55800 26600
429 900 1000 250300 61700 25500
430 1000 1200 243600 60100 23000
431 900 1500 267100 63000 22200
432 900 1200 238300 63400 22700
433 900 1100 246000 112800 21200
434 1000 1200 260400 60200 27500
435 1000 1100 295800 82100 24100
436 1000 1100 245100 69900 22100
437 900 900 291900 62800 23300
438 900 900 245000 57700 24100
439 1000 1000 317300 61800 23900
440 1000 1200 239100 57800 23900
441 1000 1100 259100 60900 24200
442 900 1000 260500 90300 26600
443 1000 1000 281500 54100 28900
444 1000 1000 293100 63900 24800
445 1000 1100 273700 58500 29600
446 900 1000 256100 59200 26100
447 900 1000 277200 114200 26900
448 1100 1300 337600 75100 22300
449 1000 1000 263000 63600 62000
450 1000 1100 287200 63800 28300
451 1000 1000 301300 63100 29600
452 1000 1100 271900 66000 25500
453 1000 1100 265000 71700 24400
454 1000 1300 282400 68100 24800
455 1000 1100 311800 62900 27600
456 1000 1000 276300 95300 28400
457 1000 1000 300500 58400 27100
458 1000 1100 307400 68800 28300
459 1000 1100 273000 67900 28600
460 1000 1100 285300 59800 32200
461 1000 1100 285800 74500 61400
462 1000 1100 269600 63600 26400
463 1100 1000 310500 70500 26700
464 1100 1000 289600 67800 24300
465 1100 1100 285100 67100 28900
466 1100 1000 286500 69600 32500
467 1000 1100 288000 66300 73500
468 1000 1300 316300 64800 28400
469 1100 1200 285400 106500 28800
470 1000 1400 301300 65600 29600
471 1000 1100 276900 75900 22500
472 1100 1100 283700 79600 27900
473 1000 1100 327400 72300 26800
474 1100 1100 309700 76700 25700
475 1000 1100 308000 67900 29100
476 1000 1000 302400 74200 62400
477 1000 1100 324800 64500 31200
478 1100 1000 329600 81200 27500
479 1000 1100 294100 74300 26000
480 1000 1100 297500 68600 61500
481 1100 1400 296100 117600 30900
482 1000 1200 345400 69800 33200
483 1100 1100 346800 69700 33000
484 1100 1100 293100 70600 29400
485 1100 1100 309900 73300 31400
486 1100 1000 360700 64900 35500
487 1100 1100 302400 81000 25800
488 1100 1300 315200 76500 32800
489 1100 1100 306200 78200 61300
490 1000 1600 352800 75500 28200
491 1000 1200 344300 81600 26700
492 1100 1100 355400 70000 36200
493 1200 1400 326800 79300 32200
494 1000 1100 350400 76700 58900
495 1000 1100 309400 80300 25500
496 1100 1100 325400 77500 28900
497 1100 1100 317000 107700 31200
498 1100 1100 325800 74600 31900
499 1100 1100 374400 71700 33600
500 1100 1100 339100 73600 37000
501 1000 1200 325900 74900 30900
502 1100 1100 359100 76100 34500
503 1000 1100 322900 78100 31700
504 1100 1200 331600 77600 30200
505 1100 1400 395300 79100 36000
506 1100 1100 313000 92000 39900
507 1200 1300 334600 87200 28400
508 1100 1100 333100 108100 35500
509 1200 1600 360700 79300 33400
510 1100 1200 331600 77000 33500
511 1100 1200 325800 128100 28000
512 1100 1100 362000 78600 30100
513 1100 1300 335300 81100 29200
514 1100 1100 332600 86500 61500
515 1200 1200 358500 81500 36400
516 1200 1100 429300 90000 29700
517 1100 1400 412900 78500 35900
518 1100 1200 340900 79200 34200
519 1100 1200 376000 76300 33600
520 1100 1200 349400 77200 36100
521 1100 1100 350300 71100 39800
522 1100 1100 360800 83700 27800
523 1100 1200 342800 85100 30800
524 1100 1100 366800 83400 34600
525 1100 1200 381000 90200 32800
526 1100 1200 446000 227600 104300
527 1200 1400 414500 92300 33300
528 1200 1700 413000 80300 36200
529 1100 1300 386100 83400 35500
530 1200 1200 375900 88700 33000
531 1200 1200 415400 83200 39900
532 1300 1300 427400 106200 70300
533 1200 1200 356000 87000 35400
534 1200 1200 380600 76900 39200
535 1200 1300 367400 134500 32800
536 1200 1300 375900 102400 33400
537 1100 1200 359700 140400 32200
538 1100 1400 356500 124800 33100
539 1100 1300 369100 80700 41500
540 1100 1400 373100 91500 31600
541 1200 1200 426100 90600 39400
542 1200 1300 387400 91300 41600
543 1300 1700 381400 94000 37500
544 1200 1200 414400 100000 26700
545 1200 1400 384100 90000 37400
546 1300 1400 394000 94700 41200
547 1100 1200 420800 86700 56700
548 1400 1500 395000 86200 77700
549 1300 1300 391300 96800 37600
550 1300 1200 391400 94900 37200
551 1200 1200 388100 155400 35900
552 1300 1400 407200 99500 37800
553 1200 1300 383300 93400 35100
554 1200 1200 431100 92400 36600
555 1200 1200 381000 82200 41300
556 1200 1200 397200 82900 44000
557 1200 1200 402000 104800 123100
558 1200 1400 427300 147900 37300
559 1200 1300 426000 87500 38900
560 1300 1300 437400 97200 37700
561 1200 1200 470600 97100 33400
562 1200 1300 450500 93500 41000
563 1200 1300 441400 93700 39000
564 1200 1300 481500 98500 38000
565 1300 1300 422700 130600 34700
566 1300 1300 427100 102300 37800
567 1300 1300 461600 91100 42200
568 1200 1500 480500 94700 41900
569 1300 1300 409500 93500 41200
570 1200 1400 409500 100700 37100
571 1200 1300 414100 92300 38900
572 1200 1200 409200 135700 81000
573 1300 1500 437500 105800 37500
574 1300 1400 419900 105900 40000
575 1300 1300 498000 103600 38700
576 1300 1300 517800 128800 45500
577 1200 1600 425700 101200 38700
578 1200 1300 431600 95000 39800
579 1300 1300 475200 107000 45800
580 1300 1300 435800 151400 35300
581 1300 1300 441200 105300 38400
582 1300 1300 438300 93500 46200
583 1300 1300 470300 110100 35100
584 1300 1400 463000 148700 39300
585 1200 1400 477700 115100 39700
586 1400 1600 454000 107300 43400
587 1300 1300 494300 106700 43800
588 1300 1300 442100 183800 36600
589 1400 1400 449200 111500 44500
590 1200 1300 453900 103700 42500
591 1300 1400 506700 113000 42900
592 1300 1300 454600 132200 43600
593 1300 1300 461500 109400 40700
594 1400 1600 452300 115300 40900
595 1300 1400 451700 110700 41000
596 1400 1300 443300 142100 40800
597 1300 1400 489000 106200 45200
598 1300 1400 436000 107600 37500
599 1300 1300 457200 92100 46000
600 1500 2200 613800 123100 45500
601 1300 1400 679800 112400 48100
602 1800 1800 537000 124600 41400
603 1500 18000 480500 104400 48200
604 1300 1500 537400 116400 41400
605 1300 1400 470100 111800 77400
606 1300 1400 465300 107600 44400
607 1300 1400 474100 120500 42700
608 1400 1300 507000 112800 41100
609 1600 1500 602300 171600 40000
610 1300 1700 597500 114400 49600
611 1500 1800 487900 115800 67600
612 1400 1500 491600 225800 43900
613 1300 1600 539500 97800 57500
614 1300 1400 497800 143200 50200
615 1400 1500 496700 133200 57700
616 1300 1700 555200 165500 55100
617 1400 1900 510800 107500 44000
618 1400 1400 510900 111800 78200
619 1300 1700 539800 107700 50600
620 1400 1400 536400 111200 51100
621 1400 1400 468300 114400 38500
622 1400 1400 528900 140500 122200
623 1600 2000 859300 284300 66400
624 1400 1900 661900 122600 44700
625 1400 1600 546300 112100 47800
626 1400 1600 511000 117700 49000
627 1400 1400 543300 120100 46600
628 1400 1400 511100 149400 45800
629 1300 1400 504400 112100 50300
630 1400 1400 490200 120500 42900
631 1400 1400 530800 119400 44900
632 1400 3100 622300 130200 45100
633 1400 1700 507800 314600 102100
634 1400 1600 514000 133000 47200
635 1400 1500 571400 115200 60000
636 1400 1700 502800 108000 48800
637 1400 1500 581900 130900 44500
638 1300 1400 502300 147800 46500
639 1400 1700 639100 131000 100900
640 1500 1900 593100 159000 60700
641 1400 1900 530000 120200 52800
642 1600 1700 585600 136900 49000
643 1400 1500 569500 127300 50100
644 1400 1600 536300 152200 50700
645 1400 1500 816300 126600 49500
646 1400 1600 586300 124400 50200
647 1500 1800 665000 129300 44100
648 1400 1600 568500 124200 53700
649 1400 1500 570200 142200 39200
650 1400 1600 567200 166400 53300
651 1400 1400 550700 116100 52700
652 1500 1500 563900 130800 51900
653 1400 1500 547300 136400 56000
654 1500 1800 520900 132100 45000
655 1500 1400 580700 131900 50700
656 1500 1600 550000 159700 52000
657 1500 1800 543700 126300 47200
658 1500 1600 569600 136700 53300
659 1600 1600 614300 149600 45600
660 1500 1800 561100 131100 51200
661 1400 1800 599100 131200 53600
662 1400 1500 606100 127600 51500
663 1500 1500 570200 131800 86800
664 1500 1400 583900 123900 47600
665 1400 1500 555600 129100 45300
666 1500 1600 553700 156200 52700
667 1500 1600 648700 135800 54700
668 1400 1700 790600 122800 54900
669 1400 1500 561900 163500 73500
670 1400 1500 582100 137500 89800
671 1500 1500 579900 143500 48900
672 1500 1600 568400 132800 52500
673 1400 1600 590800 133100 57100
674 1500 1600 701700 139200 55600
675 1500 1900 622900 145500 46700
676 1500 1600 639300 126600 62600
677 1500 1600 632100 166800 54800
678 1500 1600 671500 158100 60900
679 1500 1700 579600 144900 53100
680 1500 1700 626200 141600 49400
681 1500 1700 638600 129000 58500
682 1400 1800 659600 134800 57300
683 1500 1600 609300 144700 49600
684 1400 1600 587500 176500 51000
685 1500 1500 581600 174400 50400
686 1400 1500 618900 137800 53000
687 1500 1500 608400 129600 53100
688 1600 2000 629800 139300 54900
689 1700 2000 726900 152600 49000
690 1500 1600 612300 143000 51500
691 1500 1500 654600 146000 53700
692 1600 1600 628600 149100 55200
693 1500 1600 638500 182500 59400
694 1500 1600 677200 147900 96900
695 1500 1800 592500 137300 52900
696 1600 1700 614800 141800 56000
697 1500 1600 632400 146500 56800
698 1500 1700 608100 154300 50000
699 1500 1600 695200 145300 48900
700 1600 1800 699100 204900 51300
701 1600 1900 659900 148300 51400
702 1600 1700 641800 180100 61400
703 1600 1600 620200 147800 96600
704 1600 1700 632100 144800 62400
705 1700 1700 636100 164800 56000
706 1600 1700 674800 139600 64600
707 1600 1800 622700 136900 58500
708 1500 1600 643600 150700 58800
709 1600 1600 1081300 308100 70300
710 1700 1900 692800 162000 60500
711 1700 1700 665000 153400 65000
712 1600 1700 681900 157400 58500
713 1600 1600 705000 186600 64900
714 1400 1800 628600 127600 91600
715 1600 1700 718800 157800 56600
716 1600 1700 654500 146000 64200
717 1600 1600 635100 142900 60200
718 1600 1800 778000 154900 60100
719 1600 2100 665100 156300 58300
720 1600 1700 657900 150000 55900
721 1600 1600 701100 161200 60700
722 1600 1700 702600 156100 60200
723 1500 1700 662400 145500 84400
724 1600 1700 707700 140000 63800
725 1600 2000 680700 184800 64700
726 1600 1700 655600 150100 104200
727 1600 1700 1188400 306400 84200
728 1600 2000 650700 168300 65200
729 1600 1800 684100 165200 60100
730 1600 1700 685800 207300 60900
731 1700 1900 661400 157700 58500
732 1600 1600 634400 163200 53600
733 1500 1700 663400 159400 52700
734 1700 1700 719700 160900 62500
735 1600 1600 750700 157500 63200
736 1600 1700 947900 269400 76000
737 1700 2200 740800 158600 66700
738 1800 1900 782100 160900 65200
739 1700 1700 754400 151900 65000
740 1700 2900 753900 153800 66100
741 1700 1800 712800 189700 67600
742 1600 1900 717100 200600 64400
743 1800 1800 749100 208700 74400
744 1600 1700 699900 161800 143000
745 1600 1700 829100 165200 98400
746 1600 1900 687100 165100 51500
747 1600 1600 702900 176400 57300
748 1800 2200 710900 180400 59200
749 1700 1800 667100 177700 52700
750 1600 1700 691700 153200 61800
751 1700 1800 712000 162100 63900
752 1700 1700 717900 207600 60100
753 1700 1800 776200 177900 63200
754 1700 2000 867100 163400 62900
755 1600 2200 732800 170700 63800
756 1700 1800 771900 140600 76600
757 1600 1800 752300 170700 59000
758 1700 1700 749100 194700 58600
759 1700 2000 758400 165300 60600
760 1600 1700 762700 149300 66100
761 1700 1900 776700 167800 61700
762 1600 1700 804200 149200 65400
763 1700 1900 1091100 179800 90900
764 1700 2100 714600 213000 65400
765 1700 1900 751000 216600 63000
766 1900 2000 777700 228100 73600
767 1800 1800 757400 208400 64700
768 1600 1700 766300 194800 68900
769 1700 1800 812100 189800 69500
770 1700 2000 744900 218900 58400
771 1800 1800 837400 220100 67800
772 1700 2000 767500 160500 115400
773 1700 1800 784200 165000 107600
774 1700 1800 727800 258800 103600
775 1700 2000 796400 156000 116900
776 1800 1800 760700 180500 95600
777 1700 1800 780600 180800 95300
778 1800 1800 771400 182000 102500
779 1800 2200 811700 346300 164900
780 1900 2200 793200 186300 103900
781 1800 1800 813000 163900 111300
782 1900 1900 772900 190700 100500
783 1800 1800 805500 181100 98400
784 1900 1900 783100 190800 109300
785 1900 2100 795400 180600 113100
786 1800 2000 805300 177700 115800
787 1800 1800 959900 278000 82400
788 1800 1900 813600 203800 70700
789 1700 1800 814400 196400 93600
790 1900 2300 785900 233000 68300
791 1900 2000 829400 219200 80300
792 1800 1900 779200 216200 63500
793 1800 1900 808000 230600 64400
794 1800 1800 810100 219600 65500
795 1800 2100 941900 252800 85600
796 1800 2300 789900 220300 72600
797 1800 2000 799500 209300 76300
798 1800 2000 857600 192400 72600
799 1900 2000 845600 209800 72100
800 1800 2000 869800 162800 77200
801 1900 2000 850200 192100 70200
802 1700 1800 916900 179100 77200
803 1700 1800 1044400 241300 86900
804 16300 2300 935400 213500 67900
805 1800 2100 850100 197000 68400
806 1800 1900 845400 225400 70600
807 1800 1900 845400 197200 70600
808 1800 1700 867900 168000 68000
809 1800 1900 914700 184500 78300
810 2000 2200 843800 212800 64300
811 14300 2200 905300 189400 76200
812 1800 1900 815900 185600 73200
813 1900 2000 854300 204700 71400
814 1900 2200 812000 197000 64200
815 1800 1900 859600 170600 85800
816 1800 1900 842900 179700 67900
817 2000 2000 846400 189100 76700
818 1900 1900 1006300 239300 82200
819 1800 2100 870000 209200 73700
820 1900 1900 821700 201600 79000
821 1700 1800 815500 191900 79800
822 1800 1900 863200 195300 110200
823 2000 1900 932900 210200 118000
824 2000 2300 859900 223000 82000
825 2000 2000 885000 246700 75600
826 2000 2200 952400 194300 78700
827 1900 2000 925400 187700 88100
828 1800 2100 887800 191300 70800
829 1900 2000 922700 176900 112800
830 1900 1900 906300 198700 75200
831 1900 2000 914300 202200 77100
832 1800 2000 921400 186100 74700
833 2000 2300 880400 194900 78100
834 2100 2200 884900 215300 81400
835 1900 2000 942700 199700 79000
836 2000 2200 913300 205100 83600
837 2100 19300 923500 189900 87300
838 2000 2000 906100 192800 80100
839 1900 2000 898900 275200 182000
840 2000 2200 888400 255200 74900
841 2000 2100 1001500 254500 84900
842 2000 2200 971000 196000 77100
843 1800 2000 956000 182200 75900
844 2000 2000 941500 213800 80100
845 2100 2100 969900 223300 72300
846 1900 2400 956600 207600 70600
847 2000 2300 888500 198600 87900
848 1900 1900 933900 174200 85700
849 1900 2000 933500 205300 68800
850 1900 1900 970700 234500 75300
851 2000 2400 907600 222900 66500
852 2000 2200 903100 218100 108500
853 2100 2300 928600 283900 76400
854 1900 2000 1018100 199300 83000
855 2000 2300 966200 224100 69200
856 1900 2100 980600 211100 81100
857 2000 2100 965000 210200 80200
858 2000 2200 992400 201700 86300
859 2100 2400 1133300 210000 86200
860 2100 2400 947700 220000 80700
861 2100 2300 952200 229700 84900
862 2000 2000 912600 204200 122700
863 2200 2400 963500 275900 75300
864 2000 2100 967000 199100 89300
865 2100 2100 1080600 406700 149500
866 2100 2400 1041700 220600 93400
867 2200 2300 979500 207300 75900
868 1900 2100 961900 240900 77400
869 2200 2200 972400 205000 101700
870 2100 2100 970500 224700 74800
871 2000 2500 997900 325700 117500
872 2000 2400 936600 279900 71400
873 2000 2200 995900 215900 83600
874 2000 2100 1030900 202500 90400
875 2100 2100 1075700 209200 95400
876 2100 2500 973600 215900 79800
877 2100 2300 987400 237500 86500
878 2100 2400 951800 233600 75700
879 2000 2000 1020700 221900 79300
880 2100 2500 971900 266600 78600
881 2100 2200 1090600 221200 94700
882 2000 2100 1029400 221900 82200
883 2200 2200 1136100 217900 91400
884 2600 3400 1463800 262900 93500
885 2300 2900 1061600 225800 89200
886 2100 2300 1016600 221900 87900
887 2200 2400 1055100 259000 99200
888 2100 2100 988000 247900 79300
889 2200 2100 963600 351800 140700
890 2200 2600 1041200 241000 84900
891 2300 2600 1050300 238400 84100
892 2100 2400 1037500 250100 74200
893 2200 2100 1049100 236400 84000
894 2100 2100 1049200 203300 159200
895 2300 2500 1049700 285900 89000
896 2100 2600 1072400 248800 94300
897 2200 2300 1062000 214900 99900
898 2300 2500 1078700 288900 92000
899 2200 2500 1001900 233800 83900
900 2100 2400 1017800 242800 78700
901 2300 2300 1038900 232100 127100
902 2100 2600 1103200 266600 90200
903 2300 2500 1116900 237200 100800
904 2200 2300 1056100 262300 78600
905 2100 2200 1030400 208400 87100
906 2000 2100 1124200 220500 88700
907 2300 2600 1058400 242900 93600
908 2300 2600 1076600 268800 98900
909 2300 2400 1076200 266200 85300
910 2100 2400 1120400 202400 118800
911 2100 2200 1063400 220500 90300
912 2200 2300 1058100 219600 92800
913 2300 2300 1070500 233500 90800
914 2200 2600 1649200 280900 94600
915 2100 2400 1062100 229300 89800
916 2300 2300 1114100 266700 90900
917 2200 2300 1158800 231200 95700
918 2200 2500 1054500 223000 92300
919 2300 2400 1054700 234200 97100
920 2300 2500 1042000 231900 129800
921 2300 2400 1139500 273400 99800
922 2300 2600 1159000 253500 117000
923 2200 2300 1155700 257900 81900
924 2300 2500 1096800 243800 106200
925 2400 2700 1107700 284000 106200
926 2400 2900 1450700 312200 88100
927 2300 2700 1148800 227400 110000
928 2200 2400 1319000 239000 100800
929 2400 2700 1077300 276200 111800
930 2400 2800 1190200 267400 86700
931 2300 2600 1141400 275900 158500
932 2400 2600 1176000 207900 132600
933 2200 2400 1245000 305700 86700
934 2500 3000 1231000 273000 95500
935 2200 2300 1179000 227700 100200
936 2400 2700 1244900 290700 151100
937 2300 2700 1106200 268500 90000
938 2500 2800 1223900 325500 159000
939 2300 2700 1213700 225900 115100
940 2300 2400 1160900 252400 104600
941 2400 2700 1165700 256800 136600
942 2200 2700 1282800 246500 97600
943 2300 2400 1212100 236100 98500
944 2400 3000 1190000 247800 98100
945 2400 2600 1209500 274700 97100
946 2400 2700 1167800 289300 101600
947 2200 2300 1254800 273500 110200
948 2400 2900 1324000 254800 128600
949 2600 3200 1197900 264200 93900
950 2300 2600 1181300 270900 93600
951 2400 2400 1186100 302900 94600
952 16900 2600 1237800 345000 106000
953 2200 2600 1224100 230100 103200
954 2400 2500 1157000 265200 95700
955 2400 2500 1195500 309100 144100
956 2400 2600 1171500 296500 94300
957 2300 2800 1233800 265500 125300
958 2300 2800 1152900 266700 85000
959 2400 2600 1199800 248600 97900
960 2500 2500 1177000 294000 104300
961 2400 2300 1188700 270600 90600
962 2400 2400 1384500 272500 104300
963 2500 2900 1199500 264400 117300
964 2300 2400 1212200 242000 144600
965 2500 2500 1198700 322000 123500
966 2400 2700 1199800 305300 80100
967 2600 3100 1223200 249200 112100
968 2500 2600 1560000 495700 95900
969 2400 2800 1172200 291400 105700
970 2400 2500 1257600 258000 108800
971 2400 2500 1243200 250600 106900
972 2500 2400 1238800 281100 89200
973 2400 2800 1184400 389200 129700
974 2500 2800 1238000 269200 101200
975 2500 2700 1353700 289600 97800
976 2600 2700 1213200 280400 102700
977 2400 2600 1220300 311300 91600
978 2400 2300 1361900 647100 149700
979 2600 2800 1266800 288800 100000
980 2600 2600 1192700 269800 101200
981 2400 2500 1193600 299800 102400
982 2500 2700 1277600 321600 98600
983 2500 2400 1297700 402900 108900
984 2500 2700 1234600 259700 104900
985 2300 2500 1290500 272400 114200
986 2900 3100 1345000 284200 102000
987 40500 3900 1253900 257400 121800
988 2500 2500 1258700 276300 102600
989 2600 2900 1269000 310400 107700
990 2500 2500 1274500 286900 95200
991 2400 2600 1279200 280900 108200
992 2400 2700 1233800 276900 94900
993 2400 2500 1384200 315000 106900
994 2600 2700 1699300 375100 99900
995 2400 2800 1269500 310000 86100
996 2500 2600 1249000 295700 132000
997 2400 2500 1320800 250500 111800
998 2500 3000 1675800 272600 106700
999 2500 2600 1323200 272800 117800
1000 2500 2600 1277700 312200 120800
